DS FULL

DataSet has been loaded
StratifiedKFold(n_splits=5, random_state=None, shuffle=False)
TRAIN: [  407   408   409 ... 35721 35722 35723] TEST: [    0     1     2 ... 33714 33715 33716]

TRAIN: [    0     1     2 ... 35721 35722 35723] TEST: [  407   408   409 ... 34216 34217 34218]

TRAIN: [    0     1     2 ... 35721 35722 35723] TEST: [  814   815   816 ... 34718 34719 34720]

TRAIN: [    0     1     2 ... 35721 35722 35723] TEST: [ 1221  1222  1223 ... 35220 35221 35222]

TRAIN: [    0     1     2 ... 35220 35221 35222] TEST: [ 1628  1629  1630 ... 35721 35722 35723]

142896
35724
142896
35724

DataSet has been loaded
32743
32743

175639
175639
SGDClassifier

SGDClassifier

[[25602   325    44   146   424]
 [  110  2707     2     4    12]
 [  252     0  2012   243     1]
 [  500     6     7  1512     9]
 [  393   133    37    88  1155]]
0.923412831709775
0.8209202868062568
0.8488415972057579
0.8324352633615829
Difference matrix confusion
[[-767  234   18  116  399]
 [ -26   13    2    0   11]
 [ -71    0  138  -68    1]
 [-152    4    5  140    4]
 [-334   27   13   22  324]]
-0.005587168290225097
0.05092028680625682
-0.06615840279424212
0.009435263361582957


LogisticRegression

[[25891   202    49   141   258]
 [  139  2677     4     5    10]
 [  268     0  2047   193     0]
 [  527     3     5  1495     4]
 [  453    81    33    76  1163]]
0.9313906617400067
0.822987068659297
0.8806483403812326
0.8485108440821799
Difference matrix confusion
[[-378  115    8   87  168]
 [  16  -17    3    2   -4]
 [  -6    0   92  -86    0]
 [ -55    0   -1   58   -2]
 [-118   23    0   24   71]]
-0.004609338259993323
0.016987068659297
-0.055351659618767424
0.0835108440821799


LinearSVC

[[25974   150    47   161   209]
 [  132  2692     1     2     8]
 [  258     0  2011   239     0]
 [  517     5     8  1497     7]
 [  471    83    23    69  1160]]
0.933098197290337
0.8216643346615438
0.885882616116719
0.8495896623711163
Difference matrix confusion
[[-245   52   -7   92  108]
 [   7  -12    1    1    3]
 [  31   -1   28  -58    0]
 [ -35    3    3   27    2]
 [ -86   27   -5   20   44]]
-0.003901802709663005
0.007664334661543815
-0.021117383883280993
-0.003410337628883653
