Without N class

DataSet has been loaded
StratifiedKFold(n_splits=5, random_state=None, shuffle=False)
TRAIN: [  407   408   409 ... 35721 35722 35723] TEST: [    0     1     2 ... 33714 33715 33716]

TRAIN: [    0     1     2 ... 35721 35722 35723] TEST: [  407   408   409 ... 34216 34217 34218]

TRAIN: [    0     1     2 ... 35721 35722 35723] TEST: [  814   815   816 ... 34718 34719 34720]

TRAIN: [    0     1     2 ... 35721 35722 35723] TEST: [ 1221  1222  1223 ... 35220 35221 35222]

TRAIN: [    0     1     2 ... 35220 35221 35222] TEST: [ 1628  1629  1630 ... 35721 35722 35723]

142896
35724
142896
35724

DataSet has been loaded
24551
24551

167447
167447

SGDClassifier

[[25806   350    26   109   250]
 [  130  2695     1     2     7]
 [  425     0  1939   144     0]
 [  594     7     5  1423     5]
 [  487   134    29    84  1072]]
0.9219292352480125
0.7978467858970433
0.8733949620699251
0.8288132916372641
Difference matrix confusion
[[-563  259    0   79  225]
 [  -6    1    1   -2    6]
 [ 102    0   65 -167    0]
 [ -58    5    3   51    0]
 [-240   28    5   18  241]]
-0.007070764751987535
0.027846785897043258
-0.04160503793007497
0.005813291637264184


LogisticRegression

[[25914   185    47   152   243]
 [  137  2680     4     5     9]
 [  255     0  2033   220     0]
 [  499     3     6  1522     4]
 [  450    77    33    75  1171]]
0.9327063038853431
0.8257964012202231
0.8820096244375945
0.8505269446909475
Difference matrix confusion
[[-355   98    6   98  153]
 [  14  -14    3    2   -5]
 [ -19    0   78  -59    0]
 [ -83    0    0   85   -2]
 [-121   19    0   23   79]]
-0.0032936961146569077
0.01979640122022308
-0.0539903755624056
0.08552694469094746


LinearSVC

[[25975   157    45   163   201]
 [  132  2692     1     2     8]
 [  257     1  2011   239     0]
 [  515     5     8  1499     7]
 [  473    84    23    68  1158]]
0.933126189676408
0.8216470430640508
0.8864118314334626
0.8496755777021747
Difference matrix confusion
[[-244   59   -9   94  100]
 [   7  -12    1    1    3]
 [  30    0   28  -58    0]
 [ -37    3    3   29    2]
 [ -84   28   -5   19   42]]
-0.0038738103235920196
0.00764704306405084
-0.020588168566537446
-0.003324422297825258
