Without N class and only 1000 samples

DataSet has been loaded
StratifiedKFold(n_splits=5, random_state=None, shuffle=False)
TRAIN: [  407   408   409 ... 35721 35722 35723] TEST: [    0     1     2 ... 33714 33715 33716]

TRAIN: [    0     1     2 ... 35721 35722 35723] TEST: [  407   408   409 ... 34216 34217 34218]

TRAIN: [    0     1     2 ... 35721 35722 35723] TEST: [  814   815   816 ... 34718 34719 34720]

TRAIN: [    0     1     2 ... 35721 35722 35723] TEST: [ 1221  1222  1223 ... 35220 35221 35222]

TRAIN: [    0     1     2 ... 35220 35221 35222] TEST: [ 1628  1629  1630 ... 35721 35722 35723]

142896
35724
142896
35724

DataSet has been loaded
999
999

143895
143895

SGDClassifier

[[26315    66    62    30    68]
 [  146  2682     0     3     4]
 [  222     0  2069   217     0]
 [  653     2     8  1366     5]
 [  625    60    56    49  1016]]
0.9362893293024297
0.7993258094658445
0.9176299227851927
0.8470494675679803
Difference matrix confusion
[[ -54  -25   36    0   43]
 [  10  -12    0   -1    3]
 [-101    0  195  -94    0]
 [   1    0    6   -6    0]
 [-102  -46   32  -17  185]]
0.007289329302429648
0.02932580946584451
0.0026299227851926954
0.02404946756798032


LogisticRegression

[[26269    84    40    68    80]
 [  123  2694     1     3    14]
 [  259     0  1990   259     0]
 [  589     3     5  1431     6]
 [  585    56    32    56  1077]]
0.9366532303213526
0.8066725036345648
0.9117112508617934
0.8502672418522174
Difference matrix confusion
[[  0  -3  -1  14 -10]
 [  0   0   0   0   0]
 [-15   0  35 -20   0]
 [  7   0  -1  -6   0]
 [ 14  -2  -1   4 -15]]
0.0006532303213525603
0.0006725036345647251
-0.024288749138206667
0.08526724185221735


LinearSVC

[[26198    94    53   100    96]
 [  124  2705     0     2     4]
 [  220     1  2010   277     0]
 [  555     2     4  1468     5]
 [  547    53    28    64  1114]]
0.9376049714477662
0.8162439971482561
0.9073255815453548
0.8543759895065841
Difference matrix confusion
[[-21  -4  -1  31  -5]
 [ -1   1   0   1  -1]
 [ -7   0  27 -20   0]
 [  3   0  -1  -2   0]
 [-10  -3   0  15  -2]]
0.0006049714477661672
0.0022439971482561827
0.00032558154535478057
0.001375989506584129
