Without N class and only 2000 samples

DataSet has been loaded
StratifiedKFold(n_splits=5, random_state=None, shuffle=False)
TRAIN: [  407   408   409 ... 35721 35722 35723] TEST: [    0     1     2 ... 33714 33715 33716]

TRAIN: [    0     1     2 ... 35721 35722 35723] TEST: [  407   408   409 ... 34216 34217 34218]

TRAIN: [    0     1     2 ... 35721 35722 35723] TEST: [  814   815   816 ... 34718 34719 34720]

TRAIN: [    0     1     2 ... 35721 35722 35723] TEST: [ 1221  1222  1223 ... 35220 35221 35222]

TRAIN: [    0     1     2 ... 35220 35221 35222] TEST: [ 1628  1629  1630 ... 35721 35722 35723]

142896
35724
142896
35724

DataSet has been loaded
1999
1999

144895
144895

SGDClassifier

[[26313   100    17    68    43]
 [  129  2702     0     3     1]
 [  288     0  1888   332     0]
 [  609     5     0  1415     5]
 [  646    75    21    94   970]]
0.9318105475310715
0.7860118231388735
0.9100086943894988
0.8331828254427226
Difference matrix confusion
[[-56   9  -9  38  18]
 [ -7   8   0  -1   0]
 [-35   0  14  21   0]
 [-43   3  -2  43   0]
 [-81 -31  -3  28 139]]
0.002810547531071461
0.016011823138873504
-0.004991305610501207
0.010182825442722643


LogisticRegression

[[26258    79    34    90    80]
 [  122  2697     1     4    11]
 [  277     0  2024   207     0]
 [  580     3     5  1440     6]
 [  584    56    36    59  1071]]
0.9374650095174113
0.8097330809130737
0.9151807493827926
0.8534506473553736
Difference matrix confusion
[[-11  -8  -7  36 -10]
 [ -1   3   0   1  -3]
 [  3   0  69 -72   0]
 [ -2   0  -1   3   0]
 [ 13  -2   3   7 -21]]
0.001465009517411242
0.003733080913073672
-0.020819250617207463
0.08845064735537356


LinearSVC

[[26174    91    53   124    99]
 [  122  2705     0     4     4]
 [  222     1  2024   261     0]
 [  555     2     5  1467     5]
 [  543    53    27    67  1116]]
0.9373530399731274
0.8173027278396697
0.9061145751486777
0.8545507624856207
Difference matrix confusion
[[-45  -7  -1  55  -2]
 [ -3   1   0   3  -1]
 [ -5   0  41 -36   0]
 [  3   0   0  -3   0]
 [-14  -3  -1  18   0]]
0.0003530399731273004
0.0033027278396697834
-0.0008854248513223695
0.0015507624856206936
